6428
285
177
216
50
105
750
990
577
18
144
663
270
1919
1125
7981
299
1440
135
123
999
243
693
200
144
315
3
95
567
219
30
452
50
359
315
110
251
459
291
21
129
184
660
267
126
318
74
601
405
999
166
108
25
182
567
12
126
45
927
1125
144
109
56
161
297
3
452
135
93
1191
162
867
307
705
1234
36
103
165
298
453
1440
23
1119
214
18
132
12
111
606
451
23
287
180
65
492
184
4265
19
567
9093
250
903
248
174
199
109
855
1004
46
206
251
171
281
123
138
94
286
593
297
789
193
98
294
126
189
404
373
419
251
21
990
81
287
177
174
73
663
143
1605
251
361
325
460
18
297
84
129
126
411
684
9
70
76
223
148
441
187
104
185
180
321
276
470
227
312
903
6
8527
161
155
212
18
684
80
141
66
374
166
252
36
399
369
261
306
71
179
39
5
125
130
421
527
222
260
155
171
19
200
255
435
606
357
450
23
196
357
120
248
150
239
215
220
189
402
157
36
77
270
441
120
441
243
23
191
185
317
243
74
117
174
357
186
346
157
375
56
9
201
431
79
53
99
366
51
78
207
236
381
181
470
398
161
217
63
373
144
528
369
182
71
19
177
399
98
315
125
303
126
281
200
77
366
371
159
451
274
129
84
390
314
200
179
177
132
346
430
15
303
140
165
24
621
621
88
307
113
223
304
275
314
126
60
407
79
144
311
251
247
414
282
259
167
109
383
307
366
290
49
302
368
60
320
216
3
173
187
233
144
432
107
341
315
323
222
234
209
126
72
391
340
242
124
170
205
305
67
124
141
146
45
133
421
209
354
294
251
333
145
242
312
201
144
120
287
185
267
52
36
111
108
21
21
393
240
411
112
179
254
212
363
322
112
146
367
198
362
18
63
125
468
77
387
87
54
377
240
161
126
396
198
102
68
43
38
11
241
404
333
108
222
234
70
194
66
408
206
116
35
69
204
134
420
225
198
267
65
396
283
96
273
116
108
361
226
82
203
322
290
118
199
180
